800	1160.9	1164.4	0	0.1
900	1060.9	1064.5	0	0.1
1000	961	964.5	0	0.1
1050	911	914.5	0	0.1
1100	861	864.6	0	0.05
1125	836	839.6	0	0.05
1150	811	814.6	0	0.05
1175	786.1	789.6	0	0.05
1200	761.1	764.6	0	0.05
1220	741.1	744.6	0	0.1
1225	736.1	739.6	0	0.05
1240	721.1	724.6	0	0.1
1250	711.1	714.6	0	0.05
1260	701.1	704.6	0	0.1
1270	691.1	694.6	0	0.1
1275	686.1	689.6	0	0.1
1280	681.1	684.6	0	0.1
1290	671.1	674.7	0	0.1
1300	661.1	664.7	0.05	0.1
1305	656.1	659.7	0	0.1
1310	651.1	654.7	0	0.1
1315	646.1	649.7	0	0.1
1320	641.2	644.7	0	0.1
1325	636.2	639.7	0.05	0.1
1330	631.2	634.7	0	0.1
1335	626.2	629.7	0	0.15
1340	621.2	624.7	0	0.15
1345	616.2	619.7	0	0.15
1350	611.2	614.7	0.05	0.15
1355	606.2	609.7	0.05	0.35
1360	601.2	604.7	0	0.35
1365	596.2	599.7	0	0.35
1370	591.2	594.7	0.05	0.35
1375	586.2	589.7	0.1	0.15
1380	581.2	584.7	0.1	0.2
1385	576.2	579.7	0.1	0.35
1390	571.2	574.7	0.1	0.35
1395	566.2	569.7	0.1	0.15
1400	561.2	564.8	0.1	0.15
1405	556.2	559.8	0	0.35
1410	551.2	554.8	0.05	0.4
1415	546.2	549.8	0	0.4
1420	541.2	544.8	0.05	0.4
1425	536.3	539.8	0.15	0.2
1430	531.3	534.8	0.05	0.4
1435	526.3	529.8	0.15	0.4
1440	521.3	524.8	0.05	0.3
1445	516.3	519.8	0.05	0.4
1450	511.3	514.8	0.15	0.25
1455	506.3	509.8	0.05	0.45
1460	501.3	504.8	0.05	0.45
1465	496.3	499.8	0.05	0.45
1470	491.3	494.8	0.05	0.45
1475	486.3	489.9	0.15	0.25
1480	481.3	484.9	0.05	0.45
1485	476.3	479.9	0.2	0.5
1490	471.3	474.9	0.05	0.3
1495	466.4	469.9	0.05	0.5
1500	461.4	464.9	0.25	0.4
1505	456.4	459.9	0.3	0.35
1510	451.4	454.9	0.05	0.55
1515	446.4	449.9	0.05	0.55
1520	441.4	445	0.1	0.6
1525	436.4	440	0.3	0.4
1530	431.4	435	0.05	0.6
1535	426.4	430	0.1	0.65
1540	421.4	425	0.1	0.65
1545	416.5	420	0.1	0.65
1550	411.5	415	0.3	0.7
1555	406.5	410.1	0.15	0.7
1560	401.5	405.1	0.15	0.7
1565	396.5	400.1	0.15	0.7
1570	391.5	395.1	0.2	0.75
1575	386.5	390.1	0.35	0.75
1580	381.5	385.1	0.25	0.8
1585	376.6	380.2	0.25	0.8
1590	371.6	375.2	0.25	0.8
1595	366.6	370.2	0.25	0.8
1600	361.6	365.2	0.5	0.85
1605	356.6	360.3	0.3	0.85
1610	351.6	355.3	0.35	0.9
1615	346.7	350.3	0.35	0.9
1620	341.7	345.3	0.35	0.9
1625	336.7	340.4	0.4	0.95
1630	331.7	335.4	0.4	0.95
1635	326.7	330.4	0.45	1
1640	321.8	325.4	0.45	1
1645	316.8	320.5	0.5	1.05
1650	311.8	315.5	0.5	0.85
1655	306.8	310.5	0.55	1.1
1660	301.9	305.6	0.55	1.1
1665	296.9	300.6	0.6	1.15
1670	291.9	295.7	0.6	1.15
1675	287	290.7	0.65	1.2
1680	282	285.7	0.7	1.25
1685	277	280.8	0.75	1.3
1690	272.1	275.8	0.75	1.3
1695	267.1	270.9	0.8	1.35
1700	262.1	265.9	0.85	1.4
1705	257.2	261	0.85	1.4
1710	252.2	256	0.9	1.45
1715	247.3	251.1	0.95	1.5
1720	242.3	246.1	1	1.55
1725	237.4	241.2	1.05	1.6
1730	232.4	236.3	1.1	1.65
1735	227.5	231.3	1.15	1.7
1740	222.5	226.4	1.2	1.75
1745	217.6	221.5	1.25	1.85
1750	212.6	216.6	1.3	1.9
1755	207.7	211.6	1.4	1.95
1760	202.8	206.7	1.45	2.05
1765	197.8	201.8	1.5	2.15
1770	192.9	196.9	1.6	2.2
1775	188	192	1.65	2.35
1780	183.1	187.1	1.75	2.4
1785	178.2	182.2	1.85	2.5
1790	173.3	177.3	1.9	2.6
1795	168.4	172.4	2	2.75
1800	163.5	167.5	2.15	2.9
1805	158.6	162.6	2.25	3
1810	153.8	157.8	2.35	3.2
1815	148.9	152.9	2.5	3.4
1820	144.1	148.1	2.65	3.5
1825	139.2	143.3	3	3.6
1830	134.4	138.4	3	3.9
1835	129.6	133.6	3.2	4.1
1840	124.8	128.8	3.4	4.4
1845	120.1	124.1	3.6	4.6
1850	115.4	119.3	3.8	4.9
1855	110.6	114.6	4.1	5.2
1860	105.9	109.9	4.4	5.5
1865	101.3	105.2	4.7	5.8
1870	96.6	100.5	5	6.2
1875	92	95.9	5.4	6.6
1880	87.4	91.3	5.8	7
1885	82.9	86.7	6.2	7.5
1890	78.4	82.2	6.7	8
1895	74	77.7	7.2	8.6
1900	69.6	73.2	7.8	8.8
1905	66	68.5	8.5	9.5
1910	61.6	64.1	9.1	10.2
1915	57.4	59.8	9.9	11.3
1920	53.3	55.6	10.7	12.1
1925	49.1	51.2	11.6	12.6
1930	45.2	47.3	12.5	14
1935	41.2	43.4	13.6	14.7
1940	37.4	39.5	14.7	15.8
1945	33.7	35.7	15.9	17.2
1950	30.1	32.1	17.7	18.8
1955	26.7	28.5	19	20.5
1960	23.4	25.1	20.6	22
1965	20.3	21.8	22.3	24
1970	17.4	18.8	24.3	25.8
1975	14.6	15.9	26.5	28.1
1980	12.2	13.3	28.9	30.6
1985	9.9	11	31.4	33.2
1990	7.9	9	34.3	36.5
1995	6.2	7.1	37.4	39.7
2000	4.7	5.2	40.7	43.2
2005	3.4	4.2	44	47.7
2010	2.65	3.1	48	51.4
2015	1.75	2.3	52.2	56
2020	1.2	1.7	56.6	60.4
2025	1	1.25	61.2	65
2030	0.45	1	65.9	69.7
2035	0.25	0.8	70.7	74.4
2040	0.35	0.65	75.6	79.3
2045	0.2	0.6	80.5	84.1
2050	0.2	0.3	85.4	89
2055	0.15	0.5	90.4	94
2060	0.15	0.3	95.3	98.9
2065	0.15	0.2	100.3	103.9
2070	0.1	0.2	105.3	108.9
2075	0.1	0.2	110.3	113.8
2080	0.05	0.45	115.3	118.8
2085	0.05	0.4	120.3	123.8
2090	0.05	0.15	125.3	128.8
2095	0.05	0.35	130.3	133.8
2100	0.05	0.15	135.3	138.8
2120	0	0.15	155.3	158.8
2125	0.05	0.15	160.3	163.8
2150	0	0.1	185.2	188.8
2175	0	0.05	210.2	213.7
2200	0	0.05	235.2	238.7
2225	0.05	0.1	260.2	263.7
